    Year ParameterName    YMean  YMax  YMin YMedian     YStd
   <chr>         <chr>    <dbl> <dbl> <dbl>   <dbl>    <dbl>
 1  2010         OZONE 54.73425   182    12    41.0 36.09896
 2  2010         PM2.5 48.27671   154    13    48.0 19.27655
 3  2011         OZONE 49.98352   187     8    39.0 32.59645
 4  2011         PM2.5 52.21370   162    18    53.0 15.88154
 5  2012         OZONE 50.66393   206     6    40.5 32.18345
 6  2012         PM2.5 49.86885   101    10    52.0 16.21345
 7  2013         OZONE 43.75342   122     4    39.0 20.14534
 8  2013         PM2.5 43.76164    90     9    43.0 15.41409
 9  2014         OZONE 43.84110   133     3    41.0 19.11452
10  2014         PM2.5 43.99726    90    13    43.0 13.70981
